scars_feature = ee.FeatureCollection([ee.Feature(
            ee.Geometry.Polygon(
                [[[120.80808359207889, 22.56416936933637],
                  [120.80782610001346, 22.56547715940785],
                  [120.80705362381717, 22.56559604879925],
                  [120.80696779312869, 22.566249938619535],
                  [120.80665665688296, 22.566210309021738],
                  [120.80651718201419, 22.56653725286292],
                  [120.8061953169324, 22.566705678175484],
                  [120.80591636719485, 22.567042528183386],
                  [120.80549794258853, 22.567201045549382],
                  [120.80512243332645, 22.567250582188866],
                  [120.80472546639224, 22.567210952878693],
                  [120.80426412644168, 22.567171323557137],
                  [120.803781328819, 22.567210952878693],
                  [120.80344873490115, 22.567339748095108],
                  [120.80298739495059, 22.56754780165207],
                  [120.80247241081973, 22.567656781961357],
                  [120.80196815552493, 22.567656781961357],
                  [120.80167847695132, 22.567508172427324],
                  [120.80178576531192, 22.567220860207303],
                  [120.80213981690189, 22.567032620841946],
                  [120.80285864891788, 22.566527345485174],
                  [120.80306249680301, 22.5662598460172],
                  [120.80274063172122, 22.566180586815907],
                  [120.80201107086917, 22.566170679412537],
                  [120.80159264626285, 22.56612114238504],
                  [120.80164629044314, 22.565883364405273],
                  [120.8018179518201, 22.56571493808815],
                  [120.80213981690189, 22.56569512321378],
                  [120.80260115685245, 22.565496974313536],
                  [120.80320197167178, 22.565269102726194],
                  [120.80363112511417, 22.56496197086044],
                  [120.80424266876956, 22.564773728411016],
                  [120.8048971277692, 22.56470437586487],
                  [120.80496150078555, 22.565041230762265],
                  [120.80501514496585, 22.565279010194345],
                  [120.805401383064, 22.565368177375657],
                  [120.80575543465396, 22.56530873259453],
                  [120.80594855370303, 22.56491243339867],
                  [120.80625968994876, 22.564615208254274],
                  [120.80654936852237, 22.564446780388053],
                  [120.80694633545657, 22.564268444776044],
                  [120.80755787911197, 22.564149554239883]]]),
            {
              "class": 0,
              "system:index": "0"
            }),
        ee.Feature(
            ee.Geometry.Polygon(
                [[[120.81077652992984, 22.56817196043906],
                  [120.81066924156924, 22.567954000548824],
                  [120.81041174950381, 22.56805307326892],
                  [120.81006842674991, 22.56808279507107],
                  [120.80970364632388, 22.568092702337015],
                  [120.80934959473392, 22.568023351460365],
                  [120.8093281370618, 22.567795484048585],
                  [120.80924230637332, 22.567577523563134],
                  [120.80913501801273, 22.56736947005103],
                  [120.80898481430789, 22.567191138219346],
                  [120.80885606827518, 22.566893917987226],
                  [120.8089311701276, 22.56669577080985],
                  [120.80914574684878, 22.56664623397101],
                  [120.80921011986514, 22.56604188310401],
                  [120.80959635796329, 22.565605956243914],
                  [120.81030446114322, 22.56520965790235],
                  [120.81101256432315, 22.564971878350654],
                  [120.81182795586368, 22.56475391340139],
                  [120.81272917809268, 22.5647142833736],
                  [120.81324416222354, 22.56465483831054],
                  [120.81371623101016, 22.565526696666712],
                  [120.81302958550235, 22.565903179252565],
                  [120.81236439766666, 22.566477808585823],
                  [120.81191378655215, 22.567191138219346],
                  [120.81137734474918, 22.567805391335185]]]),
            {
              "class": 0,
              "system:index": "1"
            }),
        ee.Feature(
            ee.Geometry.Polygon(
                [[[120.82940012159374, 22.540796335118802],
                  [120.8291426295283, 22.541430524133304],
                  [120.82843452634837, 22.541371069036966],
                  [120.82806974592235, 22.54099451949881],
                  [120.82764059247997, 22.5404594210198],
                  [120.8274474734309, 22.540162143190784],
                  [120.82783371152904, 22.539904501887825],
                  [120.82827359380748, 22.539468492433596],
                  [120.82853108587291, 22.539091937705866],
                  [120.82846671285655, 22.538784747562037],
                  [120.82861691656139, 22.538428009763035],
                  [120.82848817052867, 22.53797217678956],
                  [120.82816630544689, 22.537496523386615],
                  [120.82800537290599, 22.53715960123474],
                  [120.82831233933423, 22.536625254335014],
                  [120.8284679074571, 22.536456792298807],
                  [120.8285591025636, 22.536243737076337],
                  [120.82873612835859, 22.53606041022641],
                  [120.82900434926007, 22.535827535228243],
                  [120.82961052849744, 22.535609524235714],
                  [120.82984656289075, 22.535431151349442],
                  [120.8297821898744, 22.534955489192882],
                  [120.8300182242677, 22.53477711546174],
                  [120.83060294583295, 22.534633425344097],
                  [120.83084970906232, 22.534474870557986],
                  [120.83099991276715, 22.53433118012583],
                  [120.83105892136548, 22.534202354094024],
                  [120.83148807480787, 22.534202354094024],
                  [120.83187967732404, 22.53426676712495],
                  [120.83214789822553, 22.534440186674257],
                  [120.83224445775006, 22.534821708916127],
                  [120.83225518658612, 22.535064495248477],
                  [120.83233028843854, 22.53525277823274],
                  [120.83293636779923, 22.536519373302315],
                  [120.83340307216783, 22.536777020922393],
                  [120.83384295444627, 22.53696034682085],
                  [120.83398242931504, 22.537505368324673],
                  [120.83385368328233, 22.537772923548317],
                  [120.83347817402024, 22.537703557429012],
                  [120.83315630893846, 22.537515277786653],
                  [120.83260913829942, 22.537257631544183],
                  [120.83223362903733, 22.537069351293727],
                  [120.83189030628343, 22.536831523241954],
                  [120.83136459331651, 22.536712609062445],
                  [120.83127876262803, 22.53723781258255],
                  [120.83146115284104, 22.537654010179605],
                  [120.83170791607041, 22.53799093112498],
                  [120.83221217136521, 22.538308032440156],
                  [120.83241601925035, 22.538555767335886],
                  [120.83252330761094, 22.538962051602553],
                  [120.83227654438157, 22.53931878802163],
                  [120.83168054847451, 22.539960886813112],
                  [120.83135868339272, 22.540287892866544],
                  [120.83092952995034, 22.540555442697762],
                  [120.83030725745888, 22.54069417203571],
                  [120.82984591750832, 22.540733808963825]]]),
            {
              "class": 0,
              "system:index": "2"
            }),
        ee.Feature(
            ee.Geometry.Polygon(
                [[[120.70825670127964, 22.49093824609049],
                  [120.70928666954136, 22.490343476735944],
                  [120.70965144996738, 22.490621036086168],
                  [120.70935104255771, 22.49133475757339],
                  [120.70892188911533, 22.492821665515482],
                  [120.70812795524692, 22.494605933955512],
                  [120.70759151344394, 22.495141210000774],
                  [120.70694778328037, 22.49567648397521],
                  [120.70696924095249, 22.496231580724267],
                  [120.70791337852573, 22.495755783647155],
                  [120.70924375419712, 22.495557534382076],
                  [120.71008060340976, 22.494705059305318],
                  [120.71096036796665, 22.494625759031152],
                  [120.71173284416294, 22.494348207713646],
                  [120.71218345527744, 22.494744709425348],
                  [120.71244094734287, 22.49666772660754],
                  [120.71284864311313, 22.4973814169052],
                  [120.71374986534214, 22.49759948820622],
                  [120.71456525688266, 22.4973814169052],
                  [120.7146081722269, 22.497995980600134],
                  [120.71390006904697, 22.49872948853302],
                  [120.7137069499979, 22.499621587533998],
                  [120.71295593147373, 22.500275789811514],
                  [120.71205470924473, 22.500612801898484],
                  [120.71205470924473, 22.498987206613133],
                  [120.71186159019565, 22.497302118165052],
                  [120.71192596321201, 22.495279984933752],
                  [120.71143243675327, 22.49553770943996],
                  [120.71029518013096, 22.49708404639527],
                  [120.7095656192789, 22.498154577239497],
                  [120.70905063514805, 22.49930439743722],
                  [120.70900771980381, 22.50023614127671],
                  [120.70905063514805, 22.501266999487992],
                  [120.70980165367222, 22.501782425712577],
                  [120.70840690498447, 22.502059962114853],
                  [120.70662591819858, 22.502476265674055],
                  [120.7057461536417, 22.50241679381375],
                  [120.70602510337925, 22.50188154592017],
                  [120.70469472770786, 22.50200049007553],
                  [120.70437286262607, 22.501306647727297],
                  [120.70355747108555, 22.500949813164336],
                  [120.70351455574131, 22.498927733252643],
                  [120.70415828590488, 22.497183169969613],
                  [120.70505950813389, 22.495636834122205],
                  [120.70604656105137, 22.494169781572673],
                  [120.70699069862461, 22.49294061746062],
                  [120.70759151344394, 22.491632140439968]]]),
            {
              "class": 0,
              "system:index": "3"
            }),
        ee.Feature(
            ee.Geometry.Polygon(
                [[[120.88445277277455, 22.605495579659934],
                  [120.88440985743031, 22.607714186698892],
                  [120.88342280451283, 22.609457352847766],
                  [120.88256449762807, 22.610527012050067],
                  [120.88127703730092, 22.610804329744926],
                  [120.87964625421986, 22.61060624573421],
                  [120.8778867251061, 22.610091225971573],
                  [120.87724299494252, 22.608585772533996],
                  [120.87771506372914, 22.6067237415481],
                  [120.87792964045033, 22.604980540767137],
                  [120.87865920130238, 22.603950457198604],
                  [120.88097662989125, 22.60295998495762],
                  [120.88277907434926, 22.60335617470944],
                  [120.88393778864369, 22.604544737121447]]]),
            {
              "class": 0,
              "system:index": "4"
            }),
        ee.Feature(
            ee.Geometry.Polygon(
                [[[120.88106246057973, 22.601335595050944],
                  [120.88003249231801, 22.601137497409283],
                  [120.87883086267934, 22.60119692673172],
                  [120.87831587854848, 22.600919589674152],
                  [120.87835879389272, 22.60016681484381],
                  [120.87844462458119, 22.599255555593516],
                  [120.87956042353139, 22.59921593548927],
                  [120.88129849497304, 22.599295175686365],
                  [120.88198514048085, 22.599433845921535],
                  [120.88183493677602, 22.600563012636137]]]),
            {
              "class": 0,
              "system:index": "5"
            }),
        ee.Feature(
            ee.Geometry.Polygon(
                [[[120.88347550896565, 22.599719951443472],
                  [120.88373300103108, 22.599452516420737],
                  [120.88394757775227, 22.59908603054566],
                  [120.8841514256374, 22.59888792966637],
                  [120.88458057907978, 22.598739353819823],
                  [120.88474151162067, 22.598432296562095],
                  [120.88487025765339, 22.597956851714926],
                  [120.8854496148006, 22.59747150007301],
                  [120.88552471665302, 22.597837990246557],
                  [120.88511702088276, 22.59809552329832],
                  [120.885159936227, 22.59845210672843],
                  [120.88584658173481, 22.59852144228812],
                  [120.886061158456, 22.598818594291277],
                  [120.88584658173481, 22.598996885185255],
                  [120.88593241242329, 22.599234606018022],
                  [120.88563200501362, 22.59924451104381],
                  [120.88637229470173, 22.59969023646661],
                  [120.88581439522663, 22.599551566489737],
                  [120.88529941109577, 22.59942280138613],
                  [120.88609334496418, 22.60015577036721],
                  [120.88703748253742, 22.60043310896385],
                  [120.88783141640583, 22.600215200113546],
                  [120.88838931588093, 22.59991805112533],
                  [120.8881318238155, 22.599502041464138],
                  [120.88725205925861, 22.599066220470558],
                  [120.88647958306233, 22.59884830945631],
                  [120.8864581253902, 22.59849172705253],
                  [120.88602897194782, 22.598016282410633],
                  [120.88572856453816, 22.597342733023652],
                  [120.88585731057087, 22.596867284413378],
                  [120.88626500634113, 22.59666918034113],
                  [120.88697310952107, 22.5962531608615],
                  [120.88641521004597, 22.595757897937084],
                  [120.88564273384968, 22.595381496922926],
                  [120.88617917565266, 22.59407399066741],
                  [120.88665124443928, 22.594153233824247],
                  [120.88742372063557, 22.594668313231946],
                  [120.88776704338947, 22.595341875703692],
                  [120.88828202752033, 22.595757897937084],
                  [120.88776704338947, 22.59605505590553],
                  [120.88796016243855, 22.596708801178384],
                  [120.88838931588093, 22.596570128198103],
                  [120.88905450371662, 22.59666918034113],
                  [120.88899013070026, 22.597184250336003],
                  [120.88965531853596, 22.59758045671301],
                  [120.88982697991291, 22.598036092636825],
                  [120.88881846932331, 22.597798369734303],
                  [120.88883992699543, 22.598135143725067],
                  [120.88933345345417, 22.5986303980971],
                  [120.89017030266682, 22.598967170052294],
                  [120.89092132119099, 22.59930394118358],
                  [120.8905994561092, 22.599680331472893],
                  [120.8899342682735, 22.599719951443472],
                  [120.88946219948689, 22.59926432109325],
                  [120.88883992699543, 22.599541661486047],
                  [120.88931199578205, 22.60061139776659],
                  [120.88804599312702, 22.600492538590412],
                  [120.88853951958576, 22.601086833444853],
                  [120.88763829735676, 22.600868925629506],
                  [120.88639375237385, 22.60092835506791],
                  [120.88564273384968, 22.601106643229148],
                  [120.88474151162067, 22.600829305989656],
                  [120.88356133965412, 22.599957671027486]]]),
            {
              "class": 0,
              "system:index": "6"
            }),
        ee.Feature(
            ee.Geometry.Polygon(
                [[[120.79105686606134, 22.612778159865123],
                  [120.7891042178985, 22.613392209674974],
                  [120.78740906180109, 22.613748753467952],
                  [120.7859713977691, 22.61412510424681],
                  [120.78444790304864, 22.614026064667986],
                  [120.78298878134454, 22.613808177343593],
                  [120.78273128927911, 22.613332785619626],
                  [120.78243088186944, 22.612679119316503],
                  [120.78247379721368, 22.611629285117118],
                  [120.78328918875421, 22.610638868150577],
                  [120.78408312262262, 22.609965380540487],
                  [120.78599285544122, 22.609608826941553],
                  [120.7876450961944, 22.60939093262064],
                  [120.78929733694757, 22.609430549795558],
                  [120.79028438986505, 22.610064423042875],
                  [120.7911212390777, 22.610599251323595],
                  [120.79039167822565, 22.610896377247826],
                  [120.78949045599664, 22.611451010589366],
                  [120.78895401419366, 22.611807559413833],
                  [120.78824591101373, 22.611807559413833],
                  [120.78800987662042, 22.61121331085966],
                  [120.78856777609552, 22.610698293369648],
                  [120.78841757239068, 22.610262507833706],
                  [120.78751635016168, 22.61065867655978],
                  [120.78674387396539, 22.610916185619946],
                  [120.78637909353937, 22.610698293369648],
                  [120.78564953268732, 22.61077752695514],
                  [120.78509163321222, 22.61077752695514],
                  [120.78434061468805, 22.61133216077585],
                  [120.78391146124567, 22.612025449907193],
                  [120.78453373373712, 22.61242161355635],
                  [120.78549932898248, 22.612897008429346],
                  [120.78672241629327, 22.613213937431915],
                  [120.78783821524347, 22.613253553505892],
                  [120.78807424963678, 22.612916816513394],
                  [120.7882029956695, 22.612084874527305],
                  [120.78914713324274, 22.612005641694775],
                  [120.79024147452081, 22.61232257275102]]]),
            {
              "class": 0,
              "system:index": "7"
            })]);
